1.50936 0.985819
1.51858 0.97155
1.52767 0.957194
1.53662 0.942754
1.54544 0.92823
1.55412 0.913624
1.56266 0.898936
1.57107 0.884169
1.57933 0.869323
1.58745 0.854399
1.59543 0.8394
1.60327 0.824327
1.61097 0.80918
1.61853 0.793961
1.62594 0.778672
1.6332 0.763313
1.64032 0.747887
1.6473 0.732394
1.65413 0.716837
1.66081 0.701215
1.66735 0.685532
1.67373 0.669787
1.67997 0.653983
1.68606 0.638121
1.692 0.622202
1.69779 0.606228
1.70343 0.5902
1.70891 0.574119
1.71425 0.557988
1.71943 0.541807
1.72446 0.525578
1.72934 0.509302
1.73406 0.492981
1.73863 0.476616
1.74305 0.460209
1.74731 0.443761
1.75141 0.427274
1.75536 0.410748
1.75915 0.394187
1.76279 0.37759
1.76627 0.360959
1.76959 0.344297
1.77276 0.327604
1.77577 0.310882
1.77862 0.294132
1.78131 0.277356
1.78385 0.260555
1.78622 0.243732
1.78844 0.226886
1.7905 0.210021
1.7924 0.193137
1.79414 0.176235
1.79572 0.159318
1.79714 0.142387
1.79841 0.125444
1.79951 0.108489
1.80045 0.0915241
1.80123 0.0745514
1.80186 0.0575721
1.80232 0.0405877
1.80262 0.0235997
1.80276 0.00660963
1.80275 -0.0103811
1.80257 -0.0273708
1.80223 -0.0443582
1.80173 -0.0613416
1.80107 -0.0783195
1.80026 -0.0952905
1.79928 -0.112253
1.79814 -0.129206
1.79684 -0.146147
1.79538 -0.163075
1.79377 -0.179988
1.79199 -0.196886
1.79006 -0.213766
1.78796 -0.230627
1.78571 -0.247468
1.7833 -0.264287
1.78073 -0.281082
1.778 -0.297852
1.77511 -0.314596
1.77207 -0.331312
1.76887 -0.347998
1.76551 -0.364654
1.762 -0.381277
1.75832 -0.397866
1.7545 -0.41442
1.75051 -0.430937
1.74637 -0.447416
1.74208 -0.463855
1.73763 -0.480253
1.73303 -0.496608
1.72827 -0.512919
1.72336 -0.529184
1.71829 -0.545403
1.71308 -0.561573
1.70771 -0.577693
1.70219 -0.593762
1.69652 -0.609778
1.69069 -0.62574
1.68472 -0.641647
1.6786 -0.657496
1.67233 -0.673287
1.66591 -0.689018
1.65934 -0.704688
1.65263 -0.720296
1.64576 -0.735839
1.63876 -0.751317
1.6316 -0.766728
1.6243 -0.782072
1.61686 -0.797345
1.60927 -0.812548
1.60155 -0.827679
1.59367 -0.842736
1.58566 -0.857719
1.57751 -0.872625
1.56921 -0.887453
1.56078 -0.902203
1.55221 -0.916873
1.5435 -0.931461
1.53465 -0.945967
1.52567 -0.960388
1.51655 -0.974724
1.50729 -0.988974
1.4979 -1.00314
1.48838 -1.01721
1.47873 -1.03119
1.46895 -1.04508
1.45903 -1.05888
1.44899 -1.07258
1.43881 -1.08619
1.42851 -1.0997
1.41809 -1.11312
1.40753 -1.12643
1.39685 -1.13965
1.38605 -1.15276
1.37512 -1.16578
1.36408 -1.17868
1.35291 -1.19149
1.34162 -1.20418
1.33021 -1.21678
1.31868 -1.22926
1.30704 -1.24163
1.29528 -1.2539
1.2834 -1.26605
1.27141 -1.27809
1.25931 -1.29001
1.2471 -1.30182
1.23477 -1.31352
1.22234 -1.3251
1.2098 -1.33656
1.19715 -1.3479
1.18439 -1.35912
1.17153 -1.37023
1.15856 -1.38121
1.14549 -1.39206
1.13232 -1.4028
1.11905 -1.41341
1.10568 -1.42389
1.09221 -1.43425
1.07865 -1.44448
1.06499 -1.45458
1.05123 -1.46455
1.03738 -1.4744
1.02344 -1.48411
1.0094 -1.49369
0.995283 -1.50313
0.981072 -1.51245
0.966774 -1.52163
0.95239 -1.53067
0.937922 -1.53958
0.92337 -1.54835
0.908737 -1.55698
0.894022 -1.56548
0.879229 -1.57384
0.864357 -1.58205
0.849408 -1.59013
0.834384 -1.59806
0.819286 -1.60586
0.804115 -1.61351
0.788872 -1.62101
0.77356 -1.62837
0.758179 -1.63559
0.74273 -1.64267
0.727216 -1.64959
0.711637 -1.65637
0.695994 -1.66301
0.68029 -1.66949
0.664526 -1.67583
0.648702 -1.68202
0.632821 -1.68806
0.616883 -1.69395
0.600891 -1.69969
0.584845 -1.70527
0.568748 -1.71071
0.5526 -1.71599
0.536403 -1.72113
0.520158 -1.7261
0.503867 -1.73093
0.487531 -1.7356
0.471152 -1.74012
0.454731 -1.74448
0.43827 -1.74869
0.421769 -1.75274
0.405232 -1.75664
0.388658 -1.76038
0.37205 -1.76397
0.355409 -1.76739
0.338736 -1.77067
0.322033 -1.77378
0.305301 -1.77674
0.288543 -1.77953
0.271758 -1.78217
0.25495 -1.78466
0.238119 -1.78698
0.221267 -1.78915
0.204395 -1.79115
0.187505 -1.793
0.170598 -1.79469
0.153676 -1.79621
0.136741 -1.79758
0.119793 -1.79879
0.102835 -1.79984
0.0858674 -1.80073
0.0688923 -1.80146
0.0519112 -1.80203
0.0349254 -1.80244
0.0179365 -1.80269
0.000946056 -1.80278
-0.0160445 -1.8027
-0.0330336 -1.80247
-0.0500198 -1.80208
-0.0670016 -1.80153
-0.0839773 -1.80082
-0.100946 -1.79995
-0.117905 -1.79892
-0.134854 -1.79772
-0.151791 -1.79637
-0.168714 -1.79486
-0.185623 -1.79319
-0.202515 -1.79136
-0.219389 -1.78938
-0.236243 -1.78723
-0.253077 -1.78492
-0.269888 -1.78246
-0.286675 -1.77984
-0.303436 -1.77706
-0.320171 -1.77412
-0.336877 -1.77102
-0.353553 -1.76777
-0.370198 -1.76436
-0.38681 -1.76079
-0.403388 -1.75707
-0.41993 -1.75319
-0.436434 -1.74915
-0.4529 -1.74496
-0.469325 -1.74061
-0.485709 -1.73611
-0.50205 -1.73146
-0.518346 -1.72665
-0.534596 -1.72169
-0.550798 -1.71657
-0.566952 -1.71131
-0.583055 -1.70589
-0.599107 -1.70031
-0.615105 -1.69459
-0.631049 -1.68872
-0.646936 -1.6827
-0.662766 -1.67653
-0.678537 -1.67021
-0.694248 -1.66374
-0.709898 -1.65712
-0.725484 -1.65036
-0.741006 -1.64344
-0.756462 -1.63639
-0.77185 -1.62919
-0.787171 -1.62184
-0.802421 -1.61435
-0.8176 -1.60671
-0.832706 -1.59894
-0.847739 -1.59102
-0.862696 -1.58296
-0.877576 -1.57476
-0.892379 -1.56642
-0.907102 -1.55794
-0.921745 -1.54932
-0.936306 -1.54056
-0.950783 -1.53167
-0.965177 -1.52264
-0.979484 -1.51348
-0.993705 -1.50418
-1.00784 -1.49475
-1.02188 -1.48518
-1.03583 -1.47548
-1.04969 -1.46566
-1.06346 -1.4557
-1.07713 -1.44561
-1.09071 -1.4354
-1.10419 -1.42505
-1.11757 -1.41458
-1.13085 -1.40399
-1.14403 -1.39327
-1.15711 -1.38242
-1.17009 -1.37146
-1.18296 -1.36037
-1.19573 -1.34916
-1.20839 -1.33783
-1.22095 -1.32638
-1.2334 -1.31481
-1.24573 -1.30313
-1.25796 -1.29133
-1.27007 -1.27942
-1.28207 -1.26739
-1.29396 -1.25525
-1.30573 -1.243
-1.31739 -1.23064
-1.32893 -1.21817
-1.34035 -1.20559
-1.35166 -1.19291
-1.36284 -1.18011
-1.3739 -1.16722
-1.38484 -1.15422
-1.39566 -1.14111
-1.40635 -1.12791
-1.41692 -1.11461
-1.42736 -1.1012
-1.43767 -1.0877
-1.44786 -1.0741
-1.45792 -1.06041
-1.46785 -1.04662
-1.47765 -1.03274
-1.48732 -1.01877
-1.49685 -1.00471
-1.50625 -0.990556
-1.51552 -0.976316
-1.52466 -0.961989
-1.53366 -0.947577
-1.54252 -0.933081
-1.55124 -0.918502
-1.55983 -0.903841
-1.56828 -0.8891
-1.57659 -0.87428
-1.58476 -0.859382
-1.59279 -0.844408
-1.60068 -0.829359
-1.60842 -0.814237
-1.61602 -0.799042
-1.62348 -0.783776
-1.6308 -0.76844
-1.63797 -0.753037
-1.64499 -0.737566
-1.65187 -0.72203
-1.6586 -0.706429
-1.66519 -0.690766
-1.67162 -0.675042
-1.67791 -0.659257
-1.68405 -0.643414
-1.69004 -0.627514
-1.69588 -0.611559
-1.70156 -0.595548
-1.7071 -0.579485
-1.71249 -0.563371
-1.71772 -0.547206
-1.7228 -0.530993
-1.72773 -0.514733
-1.7325 -0.498426
-1.73712 -0.482076
-1.74159 -0.465683
-1.7459 -0.449248
-1.75006 -0.432774
-1.75406 -0.416261
-1.75791 -0.399711
-1.76159 -0.383126
-1.76513 -0.366506
-1.7685 -0.349854
-1.77172 -0.333171
-1.77478 -0.316459
-1.77769 -0.299718
-1.78043 -0.282951
-1.78302 -0.266158
-1.78545 -0.249342
-1.78772 -0.232504
-1.78983 -0.215645
-1.79178 -0.198767
-1.79358 -0.181871
-1.79521 -0.164959
-1.79669 -0.148032
-1.798 -0.131093
-1.79916 -0.114141
-1.80015 -0.0971799
-1.80099 -0.0802098
-1.80167 -0.0632325
-1.80218 -0.0462497
-1.80254 -0.0292627
-1.80273 -0.0122731
-1.80277 0.00471753
-1.80264 0.0217078
-1.80236 0.0386961
-1.80192 0.055681
-1.80131 0.0726609
-1.80055 0.0896344
-1.79962 0.1066
-1.79854 0.123556
-1.79729 0.140501
-1.79589 0.157434
-1.79432 0.174352
-1.7926 0.191255
-1.79072 0.208141
-1.78868 0.225009
-1.78648 0.241857
-1.78412 0.258683
-1.7816 0.275486
-1.77893 0.292265
-1.77609 0.309018
-1.7731 0.325743
-1.76995 0.342439
-1.76665 0.359105
-1.76318 0.375739
-1.75957 0.39234
-1.75579 0.408906
-1.75186 0.425435
-1.74777 0.441927
-1.74353 0.45838
-1.73913 0.474791
-1.73458 0.491161
-1.72987 0.507487
-1.72501 0.523768
-1.72 0.540002
-1.71483 0.556188
-1.70952 0.572325
-1.70405 0.588412
-1.69842 0.604445
-1.69265 0.620426
-1.68673 0.636351
-1.68066 0.652219
-1.67444 0.66803
-1.66807 0.683781
-1.66155 0.699472
-1.65488 0.7151
-1.64807 0.730665
-1.64111 0.746165
-1.634 0.761599
-1.62675 0.776965
-1.61936 0.792262
-1.61182 0.807489
-1.60414 0.822644
-1.59631 0.837725
-1.58835 0.852733
-1.58024 0.867665
-1.57199 0.882519
-1.56361 0.897296
-1.55508 0.911992
-1.54641 0.926608
-1.53761 0.941141
-1.52867 0.955591
-1.5196 0.969955
-1.51039 0.984234
-1.50105 0.998425
-1.49157 1.01253
-1.48196 1.02654
-1.47222 1.04046
-1.46235 1.05429
-1.45235 1.06803
-1.44222 1.08167
-1.43196 1.09521
-1.42158 1.10866
-1.41106 1.12201
-1.40043 1.13526
-1.38967 1.1484
-1.37878 1.16145
-1.36777 1.17439
-1.35664 1.18723
-1.34539 1.19996
-1.33403 1.21259
-1.32254 1.22511
-1.31093 1.23752
-1.29921 1.24982
-1.28737 1.26201
-1.27542 1.27409
-1.26336 1.28605
-1.25118 1.2979
-1.23889 1.30963
-1.2265 1.32125
-1.21399 1.33275
-1.20138 1.34413
-1.18865 1.3554
-1.17583 1.36654
-1.1629 1.37756
-1.14986 1.38846
-1.13672 1.39923
-1.12349 1.40989
-1.11015 1.42041
-1.09671 1.43081
-1.08318 1.44108
-1.06955 1.45123
-1.05582 1.46124
-1.04201 1.47113
-1.0281 1.48089
-1.01409 1.49051
-1 1.5
-0.985819 1.50936
-0.97155 1.51858
-0.957194 1.52767
-0.942754 1.53662
-0.92823 1.54544
-0.913624 1.55412
-0.898936 1.56266
-0.884169 1.57107
-0.869323 1.57933
-0.854399 1.58745
-0.8394 1.59543
-0.824327 1.60327
-0.80918 1.61097
-0.793961 1.61853
-0.778672 1.62594
-0.763313 1.6332
-0.747887 1.64032
-0.732394 1.6473
-0.716837 1.65413
-0.701215 1.66081
-0.685532 1.66735
-0.669787 1.67373
-0.653983 1.67997
-0.638121 1.68606
-0.622202 1.692
-0.606228 1.69779
-0.5902 1.70343
-0.574119 1.70891
-0.557988 1.71425
-0.541807 1.71943
-0.525578 1.72446
-0.509302 1.72934
-0.492981 1.73406
-0.476616 1.73863
-0.460209 1.74305
-0.443761 1.74731
-0.427274 1.75141
-0.410748 1.75536
-0.394187 1.75915
-0.37759 1.76279
-0.360959 1.76627
-0.344297 1.76959
-0.327604 1.77276
-0.310882 1.77577
-0.294132 1.77862
-0.277356 1.78131
-0.260555 1.78385
-0.243732 1.78622
-0.226886 1.78844
-0.210021 1.7905
-0.193137 1.7924
-0.176235 1.79414
-0.159318 1.79572
-0.142387 1.79714
-0.125444 1.79841
-0.108489 1.79951
-0.0915241 1.80045
-0.0745514 1.80123
-0.0575721 1.80186
-0.0405877 1.80232
-0.0235997 1.80262
-0.00660963 1.80276
0.0103811 1.80275
0.0273708 1.80257
0.0443582 1.80223
0.0613416 1.80173
0.0783195 1.80107
0.0952905 1.80026
0.112253 1.79928
0.129206 1.79814
0.146147 1.79684
0.163075 1.79538
0.179988 1.79377
0.196886 1.79199
0.213766 1.79006
0.230627 1.78796
0.247468 1.78571
0.264287 1.7833
0.281082 1.78073
0.297852 1.778
0.314596 1.77511
0.331312 1.77207
0.347998 1.76887
0.364654 1.76551
0.381277 1.762
0.397866 1.75832
0.41442 1.7545
0.430937 1.75051
0.447416 1.74637
0.463855 1.74208
0.480253 1.73763
0.496608 1.73303
0.512919 1.72827
0.529184 1.72336
0.545403 1.71829
0.561573 1.71308
0.577693 1.70771
0.593762 1.70219
0.609778 1.69652
0.62574 1.69069
0.641647 1.68472
0.657496 1.6786
0.673287 1.67233
0.689018 1.66591
0.704688 1.65934
0.720296 1.65263
0.735839 1.64576
0.751317 1.63876
0.766728 1.6316
0.782072 1.6243
0.797345 1.61686
0.812548 1.60927
0.827679 1.60155
0.842736 1.59367
0.857719 1.58566
0.872625 1.57751
0.887453 1.56921
0.902203 1.56078
0.916873 1.55221
0.931461 1.5435
0.945967 1.53465
0.960388 1.52567
0.974724 1.51655
0.988974 1.50729
1.00314 1.4979
1.01721 1.48838
1.03119 1.47873
1.04508 1.46895
1.05888 1.45903
1.07258 1.44899
1.08619 1.43881
1.0997 1.42851
1.11312 1.41809
1.12643 1.40753
1.13965 1.39685
1.15276 1.38605
1.16578 1.37512
1.17868 1.36408
1.19149 1.35291
1.20418 1.34162
1.21678 1.33021
1.22926 1.31868
1.24163 1.30704
1.2539 1.29528
1.26605 1.2834
1.27809 1.27141
1.29001 1.25931
1.30182 1.2471
1.31352 1.23477
1.3251 1.22234
1.33656 1.2098
1.3479 1.19715
1.35912 1.18439
1.37023 1.17153
1.38121 1.15856
1.39206 1.14549
1.4028 1.13232
1.41341 1.11905
1.42389 1.10568
1.43425 1.09221
1.44448 1.07865
1.45458 1.06499
1.46455 1.05123
1.4744 1.03738
1.48411 1.02344
1.49369 1.0094
